image: fused_map_20250415_163440.pgm
resolution: 0.20000000298023224
origin: [-50.0, -50.0, 0.0]
negate: 0
occupied_thresh: 0.65
free_thresh: 0.196
yaw_fusion: 88.595848
