image: fused_map_20250422_175922.pgm
resolution: 0.10000000149011612
origin: [-20.0, -20.0, 0.0]
negate: 0
occupied_thresh: 0.65
free_thresh: 0.196
yaw_fusion: -163.823532
