image: fused_map_20250419_220001.pgm
resolution: 0.15000000596046448
origin: [-15.0, -15.0, 0.0]
negate: 0
occupied_thresh: 0.65
free_thresh: 0.196
yaw_fusion: 176.220038
