image: fused_map_20250422_184358.pgm
resolution: 0.20000000298023224
origin: [-25.0, -25.0, 0.0]
negate: 0
occupied_thresh: 0.65
free_thresh: 0.196
yaw_fusion: -2.675201
